Country | total_GDP | GDP_per_capita | population_density | life_expectancy 
Afghanistan 20682000000.0 531.2838 0.059627402505897126 64.486
Albania 17210000000.0 5980.2689 0.10502908759124088 78.458
Algeria 193000000000.0 4402.5406 0.01841134800607959 76.693
Angola 96426000000.0 2933.8892 0.026362614903344832 60.782
Antigua and Barbuda 1809000000.0 18472.5669 0.2225659090909091 76.885
Argentina 515000000000.0 11402.6811 0.01651475833945387 76.52
Armenia 13868000000.0 4680.0077 0.10408299964875307 74.945
Australia 1480000000000.0 58096.7349 0.0033151089050730497 82.74878049
Austria 482000000000.0 53481.7582 0.10913803682390574 81.64390244
Azerbaijan 47429000000.0 4677.7958 0.12264638925849763 72.86399999999999
Bahamas 13710000000.0 34863.8504 0.03928511488511489 73.752
Bahrain 40707000000.0 23923.13 2.1871143101452617 77.163
Bangladesh 343000000000.0 2084.4027 1.2651869324729201 72.32
Barbados 5339000000.0 18578.5124 0.6683139534883721 79.081
Belarus 63664000000.0 6737.4139 0.04655113916537488 74.17560976
Belgium 554000000000.0 47782.4861 0.38274844782034345 81.59512195
Belize 2071000000.0 5208.3857 0.017432178868917143 74.49600000000001
Benin 12129000000.0 1000.4784 0.10751330258957077 61.47
Bhutan 2939000000.0 3808.9289 0.020228817633815056 71.46
Bolivia 47052000000.0 4030.8331 0.010775427859318749 71.23899999999999
Bosnia and Herzegovina 21343000000.0 6505.3878 0.06407849609375 77.262
Botswana 20873000000.0 8875.9825 0.004149466236126551 69.275
Brazil 2060000000000.0 9703.1693 0.025431425771762616 75.672
Brunei 14281000000.0 32643.8526 0.08301309297912714 75.722
Bulgaria 71746000000.0 10325.4757 0.0640055729550479 74.86585366
Burkina Faso 16266000000.0 778.1557 0.07640085160818715 61.174
Burundi 3714000000.0 312.3427 0.4630367601246106 61.247
Cambodia 29309000000.0 1753.0391 0.09471428166779969 69.57
Cameroon 42047000000.0 1583.9379999999999 0.056156762073998855 58.92100000000001
Canada 1830000000000.0 48552.8727 0.00415044949639908 81.94878049
Central African Republic 2485000000.0 514.5176 0.007752683874281678 52.805
Chad 12547000000.0 763.8563 0.013044682337992374 53.977
Chile 314000000000.0 16402.893 0.02570998987975947 80.042
China 15500000000000.0 10746.7828 0.15331184283265925 76.704
Colombia 353000000000.0 6933.7648 0.04586110049571879 77.109
Costa Rica 63460000000.0 12457.5049 0.09976729338033685 80.095
Croatia 64590000000.0 15733.4468 0.07336073981415296 78.07073171
Cuba 0.0 7918.4021 0.10888882907133246 78.726
Cyprus 26348000000.0 21822.8381 0.13066655844155844 80.828
Denmark 365000000000.0 62937.3768 0.1379424148606811 81.35121951
Djibouti 2599000000.0 2630.5668 0.04262295081967213 66.582
Dominican Republic 90459000000.0 8338.8413 0.22454791968536533 73.892
Ecuador 108000000000.0 6106.0857 0.07103822676759543 76.8
Egypt 331000000000.0 3238.0117 0.10280215379978905 71.825
El Salvador 28202000000.0 4347.997 0.3130407818532818 73.096
Equatorial Guinea 12263000000.0 8740.6494 0.050017290552584664 58.402
Eritrea 8116000000.0 2288.5044 0.03511307920792079 65.941
Estonia 33235000000.0 25053.9941 0.030516103059581322 78.54390244
Ethiopia 99371000000.0 864.3693 0.114963588 66.24
Fiji 5671000000.0 6326.0992 0.04906650246305419 67.34100000000001
Finland 289000000000.0 52203.1433 0.01823145010035866 81.83414634
France 2880000000000.0 44061.5183 0.11920861559586893 82.52682927
Gabon 17893000000.0 8039.1457 0.00863792447704428 66.187
Gambia 1870000000.0 773.7927 0.23880118577075096 61.735
Georgia 18888000000.0 4734.8231 0.05740634623686861 73.6
Germany 4160000000000.0 49617.145 0.2398212216624685 80.99268293
Ghana 72264000000.0 2325.6248 0.13656034103893822 63.78
Greece 231000000000.0 22114.4398 0.08086155159038014 81.28780488
Grenada 1330000000.0 11819.8057 0.33094999999999997 72.384
Guatemala 87629000000.0 4891.2209 0.1671852183650616 74.063
Guinea 13603000000.0 1035.8039 0.05344617857724239 61.185
Guinea-Bissau 1669000000.0 848.0687 0.06998581081081082 58.003
Guyana 4609000000.0 5859.7524 0.003995692151384303 69.774
Haiti 9648000000.0 846.1282 0.4137346879535559 63.66
Honduras 25560000000.0 2580.6173 0.08852093127178479 75.08800000000001
Hungary 178000000000.0 18398.2963 0.1067088368496631 75.81707317
Iceland 26821000000.0 78597.9493 0.0034039201995012475 82.66097561
India 3260000000000.0 2360.6592 0.4641494102294169 69.416
Indonesia 1210000000000.0 4419.5818 0.1509870526670236 71.509
Iran 496000000000.0 5901.6144 0.05156864670055748 76.479
Iraq 247000000000.0 6139.151999999999 0.09265122792660326 70.454
Ireland 405000000000.0 82058.0317 0.07167638263898969 82.60731707
Israel 404000000000.0 46670.8297 0.3999785120147874 82.80243902
Italy 2090000000000.0 34574.7083 0.20555458625144488 82.94634146
Jamaica 16717000000.0 5645.4094 0.27342262234533704 74.368
Japan 5500000000000.0 43450.1405 0.34692906791748956 84.21097561
Jordan 46451000000.0 4552.6208 0.11492604190132913 74.405
Kazakhstan 177000000000.0 9443.7219 0.0069551087157832345 73.15
Kenya 109000000000.0 2029.2611 0.09447815300277611 66.342
Kuwait 143000000000.0 33484.7495 0.23965044893378226 75.398
Latvia 38102000000.0 20200.4243 0.030334480540366675 74.67804878
Lebanon 60620000000.0 8881.4722 0.6671989247311828 78.875
Liberia 3217000000.0 636.0623 0.05250914659468438 63.73
Libya 50424000000.0 7338.3579 0.00390516384964252 72.72399999999999
Liechtenstein 0.0 162444.3334 0.2383 83.74634146
Lithuania 57602000000.0 21159.3993 0.04345788632638042 76.29024390000001
Luxembourg 73693000000.0 117724.5846 0.25760411522633747 82.09512195
Madagascar 13542000000.0 489.0394 0.04759542454451701 66.681
Malawi 7861000000.0 410.9263 0.20290572761985576 63.798
Malaysia 402000000000.0 12419.9781 0.09851163901993608 75.997
Maldives 6213000000.0 11493.9764 1.8018133333333333 78.627
Mali 19332000000.0 954.6274 0.016596458748227735 58.893
Malta 16338000000.0 37002.0587 1.379821875 82.34634146
Mauritania 5697000000.0 1225.2514 0.00451116522751528 64.704
Mauritius 15757000000.0 12389.8384 0.6264866995073892 74.41634146
Mexico 1300000000000.0 10065.3245 0.06632513850664884 74.992
Moldova 12793000000.0 3171.3231 0.12265013681970204 71.808
Mongolia 14960000000.0 4563.3547 0.0021101792013182626 69.689
Montenegro 5740000000.0 9139.1669 0.046696356877323424 76.77
Morocco 129000000000.0 3496.452 0.08270347300022406 76.453
Mozambique 16294000000.0 521.3173 0.03974596887001196 60.163000000000004
Namibia 14627000000.0 5756.6103 0.0030862818690862276 63.373000000000005
Nepal 33035000000.0 1133.7893 0.20325642134635505 70.47800000000001
Netherlands 955000000000.0 55730.2675 0.5086040961709706 81.76097561
New Zealand 225000000000.0 46647.0616 0.018313899965819756 81.85853659
Nicaragua 12459000000.0 1880.7304 0.05504864550440419 74.275
Niger 10628000000.0 439.05300000000005 0.019110005526170364 62.023999999999994
Nigeria 496000000000.0 2406.7284 0.2263355062200116 54.332
Norway 439000000000.0 80908.2275 0.014847711275892923 82.81219512
Oman 84158000000.0 16480.1573 0.016499599353796447 77.633
Pakistan 0.0 1278.9308 0.2865456880448319 67.11399999999999
Panama 75494000000.0 17496.6574 0.05804098735539413 78.329
Papua New Guinea 22114000000.0 2471.6599 0.019756710683213354 64.263
Paraguay 45376000000.0 6361.8308 0.017952524540649384 74.131
Peru 244000000000.0 7405.1947 0.0257592609375 76.516
Philippines 389000000000.0 3550.321 0.36751208371063493 71.095
Poland 643000000000.0 16996.8719 0.12360498709951338 77.75365854
Portugal 250000000000.0 24509.0843 0.11131098402976708 81.72439024
Qatar 204000000000.0 70810.2211 0.24815271317829457 80.1
Romania 263000000000.0 13677.9929 0.08361305198191935 75.4097561
Russia 1670000000000.0 11426.088 0.008911010589935684 72.65731707
Rwanda 11062000000.0 854.0622 0.5250189704094042 68.7
Sao Tome and Principe 527000000.0 2404.6469 0.22829062500000002 70.17
Saudi Arabia 790000000000.0 22693.8854 0.016194833208509132 74.998
Senegal 28062000000.0 1675.9509 0.08696788552433386 67.665
Serbia 56886000000.0 6510.6541 0.099901337754402 75.53902439
Seychelles 1739000000.0 17682.2882 0.21379782608695655 72.84146341
Sierra Leone 4221000000.0 529.1474 0.11051514269880854 54.309
Singapore 392000000000.0 66983.2635 8.25154001939554 83.14634146
Slovenia 58213000000.0 28001.3161 0.10321408254269193 81.02926829
Somalia 8341000000.0 524.8149 0.02533430356744349 57.068000000000005
South Africa 387000000000.0 6520.579000000001 0.04889059344319053 63.857
Spain 1500000000000.0 32019.8291 0.09359117042065132 83.33414634
Sri Lanka 89942000000.0 4200.2967 0.3414646627332164 76.812
Suriname 3919000000.0 6680.5084 0.003760461538461538 71.57
Sweden 577000000000.0 57105.1458 0.024795033267044755 82.51219512
Switzerland 741000000000.0 85584.5582 0.21901563380313485 83.55121951
Tanzania 64888000000.0 1086.2786 0.0674353330322872 65.015
Thailand 547000000000.0 7842.8535 0.1366242791990448 76.931
Timor-Leste 3413000000.0 2588.6556 0.08866476126429051 69.26
Togo 6132000000.0 740.6939 0.15221040632469204 60.76
Trinidad and Tobago 23235000000.0 16602.5003 0.27280467836257305 73.38
Tunisia 35150000000.0 2974.1207 0.07607247039134912 76.505
Turkey 810000000000.0 9598.8138 0.1095839130491275 77.437
US 22200000000000.0 67063.2695 0.036185356198797036 78.53902439
Uganda 33620000000.0 735.0079 0.2281119439457411 62.973
Ukraine 147000000000.0 3365.1347 0.07549545478085243 71.58268293
United Arab Emirates 449000000000.0 45410.6921 0.13926220782878063 77.814
United Kingdom 2930000000000.0 43117.5725 0.280601872442442 81.35609756
Uruguay 63421000000.0 18257.3199 0.019847617415152553 77.77
Uzbekistan 55482000000.0 1657.7031 0.07867701692524683 71.57300000000001
Vietnam 282000000000.0 2900.9258 0.31392452994485115 75.317
Zambia 25272000000.0 1374.6770000000001 0.024729892788442138 63.51
Zimbabwe 25812000000.0 1736.6704 0.038420379992245055 61.195
